4294967294,41
4294967294,387
4294967279,386
4294967278,310
4294967279,137
4294967279,135
4294967279,273
4294967279,272
4294967279,270
4294967278,309
4294967294,99
4294967294,76
4294967279,267
7,4
7,3
7,2
7,1
4294967278,308
4294967279,285
4294967294,53
4294967294,187
4294967294,80
4294967294,1158
4294967294,1157
4294967294,1154
4294967294,82
4294967294,469
4294967294,107
4294967294,90
4294967294,86
4294967294,85
4294967294,1163
4294967279,264
4294967279,283
4294967279,284
4294967294,88
4294967294,92
4294967294,388
4294967294,162
4294967294,1159
4294967294,1156
4294967294,1068
4294967294,420
4294967294,190
4294967294,185
4294967294,182
4294967294,176
4294967294,170
4294967294,163
4294967278,307
4294967279,385
4294967279,262
4294967279,261
4294967279,259
4294967279,279
4294967279,384
4294967278,306
4294967278,305
4294967278,304
4294967279,319
4294967278,303
4294967279,318
4294967278,302
4294967279,317
4294967278,301
4294967279,316
4294967278,254
4294967279,315
4294967278,300
4294967278,260
4294967278,0
4294967278,253
4294967278,252
4294967279,314
4294967278,249
4294967294,595
4294967294,157
4294967278,247
6,4
6,3
6,2
6,1
4294967278,245
4294967278,244
4294967294,424
4294967278,240
4294967278,239
4294967278,242
4294967278,238
4294967278,237
4294967278,235
4294967278,233
4294967278,231
4294967278,229
4294967278,227
4294967278,225
4294967278,223
4294967278,221
4294967278,219
4294967278,217
4294967278,215
4294967278,214
4294967278,213
4294967278,212
4294967279,313
4294967278,211
4294967278,209
5,4
5,3
5,2
5,1
4294967279,312
4294967278,208
4294967278,299
4294967279,311
4294967279,260
4294967278,298
4294967278,205
4294967278,297
4294967279,310
4294967278,204
4294967279,309
4294967278,296
4294967279,308
4294967278,295
4294967278,294
4294967279,307
4294967278,200
4294967278,199
4294967278,198
4294967278,197
4294967278,196
4294967278,195
4294967278,194
4294967278,193
4294967278,192
4294967278,191
4294967278,190
4294967278,189
4294967278,188
4294967278,187
4294967278,186
4294967279,306
4294967278,185
4294967278,183
4,4
4,3
4,2
4,1
4294967279,305
4294967278,182
4294967278,293
4294967279,304
4294967278,292
4294967278,179
4294967278,291
4294967279,303
4294967279,302
4294967278,178
4294967278,177
4294967278,176
4294967278,175
4294967278,173
4294967278,172
4294967278,171
4294967278,170
4294967278,169
4294967278,168
4294967278,167
4294967278,166
4294967278,165
4294967278,164
4294967278,163
4294967279,301
4294967278,162
4294967294,17
4294967278,160
3,4
3,3
3,2
3,1
4294967279,300
4294967278,159
0,7
4294967294,61
4294967294,30
4294967294,97
4294967294,1160
4294967294,1155
4294967294,1153
4294967294,1152
4294967294,1082
4294967294,1081
4294967294,1080
4294967294,1079
4294967294,1078
4294967294,1077
4294967294,1075
4294967294,1074
4294967294,1073
4294967294,1072
4294967294,1071
4294967294,1070
4294967294,1067
4294967294,1066
4294967294,1057
4294967294,401
4294967294,67
4294967294,173
4294967294,161
4294967278,290
4294967279,299
4294967294,0
4294967294,50
4294967294,91
4294967294,87
4294967294,84
4294967294,411
4294967294,155
4294967294,29
4294967294,28
4294967294,1084
4294967294,26
4294967294,415
4294967294,51
4294967294,52
4294967294,44
4294967294,43
4294967294,96
4294967294,94
4294967294,9
4294967278,156
4294967294,8
4294967294,22
4294967294,93
4294967294,95
4294967279,298
4294967294,5
4294967278,155
4294967278,154
4294967278,153
4294967278,152
4294967278,151
0,5
4294967294,7
4294967279,297
4294967279,0
4294967294,6
4294967279,140
4294967294,25
4294967294,12
4294967294,470
4294967294,1083
4294967294,27
4294967294,81
4294967294,83
4294967294,68
4294967294,11
4294967278,132
4294967278,131
4294967278,130
4294967278,129
4294967278,128
4294967278,127
4294967278,126
4294967278,125
4294967278,124
4294967278,123
4294967278,122
4294967278,121
4294967278,120
4294967278,119
4294967278,118
4294967278,117
4294967278,116
4294967278,115
4294967278,114
4294967278,113
4294967278,112
4294967278,111
4294967278,110
4294967278,109
4294967278,108
4294967278,107
4294967278,106
4294967278,105
4294967278,104
4294967278,103
4294967278,102
4294967278,101
4294967278,100
4294967278,99
4294967278,98
4294967278,97
4294967278,96
4294967278,95
4294967278,94
4294967278,93
4294967278,92
4294967278,91
4294967278,90
4294967278,89
4294967278,87
4294967278,86
4294967278,85
4294967278,84
4294967278,83
4294967278,82
4294967278,81
4294967278,80
4294967278,79
4294967278,78
4294967278,77
4294967278,76
4294967278,75
4294967278,74
4294967278,73
4294967278,72
4294967278,71
4294967278,70
4294967278,69
4294967278,68
4294967278,67
4294967278,66
4294967278,65
4294967278,64
4294967278,63
4294967278,62
4294967278,61
